76561198113365362
76561198007984095
76561199619179700
76561198039882405
76561199528474320
76561198010486795
76561198082668396
76561198947126591
76561199096225302
76561198283970048
76561198976044927
76561198404385801
76561198801434526
76561198017553187
76561198799044855
76561198390895563
76561198100430451
76561199055984231
76561198195856411
76561198120451891
76561198439522328
76561198206866291
76561198895534238
76561198864423220
76561198070844774
76561198145656880
76561199037470545
76561198064533187
76561198054330246
76561199238744504
76561198081378329
76561198405914826
76561199828170731
76561198404385801
76561198822264018
76561197980646140
76561198405914826
76561197994728429
